0.0 1.53286e-07
1.0 1.37781e-07
2.0 1.24633e-07
3.0 1.1350300000000001e-07
4.0 1.04102e-07
5.0 9.6175e-08
6.0 8.9502e-08
7.0 8.388899999999999e-08
8.0 7.9173e-08
9.0 7.5209e-08
10.0 7.187999999999999e-08
11.0 6.9082e-08
12.0 6.673e-08
13.0 6.475100000000001e-08
14.0 6.3084e-08
15.0 6.1677e-08
16.0 6.0487e-08
17.0 5.9479e-08
18.0 5.8621999999999994e-08
19.0 5.7891000000000005e-08
20.0 5.7266000000000005e-08
21.0 5.6728e-08
22.0 5.6263e-08
23.0 5.5859e-08
24.0 5.5505000000000006e-08
25.0 5.5194e-08
26.0 5.4917999999999996e-08
27.0 5.4671e-08
28.0 5.4448999999999993e-08
29.0 5.4248000000000004e-08
30.0 5.4063e-08
31.0 5.3893000000000005e-08
32.0 5.3734e-08
33.0 5.3585e-08
34.0 5.3445e-08
35.0 5.3312e-08
36.0 5.3185e-08
37.0 5.3063000000000003e-08
38.0 5.2945e-08
39.0 5.2831e-08
40.0 5.2720000000000005e-08
41.0 5.2611e-08
42.0 5.2504e-08
43.0 5.2399e-08
44.0 5.2295999999999994e-08
45.0 5.2194000000000004e-08
46.0 5.2092999999999995e-08
47.0 5.1993e-08
48.0 5.1894e-08
49.0 5.1795999999999996e-08
50.0 5.1698000000000004e-08
51.0 5.1601999999999994e-08
52.0 5.1506e-08
53.0 5.1410999999999996e-08
54.0 5.1315999999999994e-08
55.0 5.1222e-08
56.0 5.1128e-08
57.0 5.1034e-08
58.0 5.0941e-08
59.0 5.0848000000000006e-08
60.0 5.0755999999999995e-08
61.0 5.0663999999999996e-08
62.0 5.0572e-08
63.0 5.048e-08
64.0 5.0388e-08
65.0 5.0297000000000004e-08
66.0 5.0206999999999994e-08
67.0 5.0117000000000005e-08
68.0 5.0027e-08
69.0 4.9937e-08
70.0 4.9848e-08
71.0 4.9759e-08
72.0 4.9671e-08
73.0 4.9582e-08
74.0 4.9494e-08
75.0 4.9406e-08
76.0 4.9318e-08
77.0 4.923e-08
78.0 4.9143e-08
79.0 4.9056e-08
80.0 4.8968999999999993e-08
81.0 4.8882e-08
82.0 4.8796e-08
83.0 4.8711000000000005e-08
84.0 4.8625e-08
85.0 4.854e-08
86.0 4.8455000000000006e-08
87.0 4.8369999999999996e-08
88.0 4.8286e-08
89.0 4.8202e-08
90.0 4.8117e-08
91.0 4.8033000000000004e-08
92.0 4.795e-08
93.0 4.7866e-08
94.0 4.7783e-08
95.0 4.77e-08
96.0 4.7617e-08
97.0 4.7534999999999995e-08
98.0 4.7453e-08
99.0 4.7371e-08
100.0 8.1526e-08
101.0 4.467521e-06
102.0 7.251444e-06
103.0 5.898646e-06
104.0 4.731105e-06
105.0 3.898407000000001e-06
106.0 3.349493e-06
107.0 2.980061e-06
108.0 2.7028710000000002e-06
109.0 2.472323e-06
110.0 2.269721e-06
111.0 2.088154e-06
112.0 1.924737e-06
113.0 1.7776990000000001e-06
114.0 1.645574e-06
115.0 1.527052e-06
116.0 1.420958e-06
117.0 1.326243e-06
118.0 1.241955e-06
119.0 1.167213e-06
120.0 1.1011920000000001e-06
121.0 1.043105e-06
122.0 9.92202e-07
123.0 9.477660000000001e-07
124.0 9.09118e-07
125.0 8.7562e-07
126.0 8.34957e-07
127.0 7.81129e-07
128.0 7.205849999999999e-07
129.0 6.57813e-07
130.0 5.95919e-07
131.0 5.36986e-07
132.0 4.823239999999999e-07
133.0 4.32658e-07
134.0 3.8827399999999997e-07
135.0 3.49146e-07
136.0 3.15033e-07
137.0 2.85562e-07
138.0 2.60287e-07
139.0 2.38737e-07
140.0 2.20446e-07
141.0 2.04972e-07
142.0 1.9191e-07
143.0 1.80897e-07
144.0 1.71615e-07
145.0 1.6378599999999998e-07
146.0 1.57173e-07
147.0 1.51575e-07
148.0 1.46819e-07
149.0 1.42764e-07
150.0 1.3929e-07
151.0 1.36296e-07
152.0 1.3369999999999999e-07
153.0 1.31432e-07
154.0 1.29436e-07
155.0 1.27665e-07
156.0 1.26081e-07
157.0 1.24652e-07
158.0 1.23352e-07
159.0 1.22158e-07
160.0 1.21054e-07
161.0 1.20024e-07
162.0 1.1905599999999999e-07
163.0 1.18141e-07
164.0 1.1727e-07
165.0 1.1643700000000001e-07
166.0 1.1563599999999999e-07
167.0 1.14862e-07
168.0 1.14112e-07
169.0 1.13383e-07
170.0 1.12672e-07
171.0 1.1197800000000001e-07
172.0 1.11298e-07
173.0 1.1063200000000001e-07
174.0 1.09977e-07
175.0 1.0933299999999999e-07
176.0 1.08698e-07
177.0 1.0807299999999999e-07
178.0 1.07457e-07
179.0 1.06849e-07
180.0 1.06249e-07
181.0 1.0565699999999999e-07
182.0 1.05073e-07
183.0 1.0449500000000001e-07
184.0 1.03925e-07
185.0 1.03361e-07
186.0 1.02804e-07
187.0 1.0225400000000001e-07
188.0 1.0171099999999999e-07
189.0 1.01174e-07
190.0 1.00644e-07
191.0 1.0012e-07
192.0 9.9603e-08
193.0 9.909100000000001e-08
194.0 9.8586e-08
195.0 9.8089e-08
196.0 9.759700000000001e-08
197.0 9.7112e-08
198.0 9.663299999999999e-08
199.0 9.6159e-08
200.0 9.569200000000001e-08
201.0 9.523e-08
202.0 9.4774e-08
203.0 9.432399999999999e-08
204.0 9.388e-08
205.0 9.3441e-08
206.0 9.300700000000001e-08
207.0 9.2579e-08
208.0 9.215600000000001e-08
209.0 9.1739e-08
210.0 9.1326e-08
211.0 9.091900000000001e-08
212.0 9.0517e-08
213.0 9.012e-08
214.0 8.9727e-08
215.0 8.9341e-08
216.0 8.8959e-08
217.0 8.8582e-08
218.0 8.8209e-08
219.0 8.7841e-08
220.0 8.7477e-08
221.0 8.7118e-08
222.0 8.6763e-08
223.0 8.641199999999999e-08
224.0 8.606500000000001e-08
225.0 8.5722e-08
226.0 8.538299999999999e-08
227.0 8.5047e-08
228.0 8.4716e-08
229.0 8.4388e-08
230.0 8.406399999999999e-08
231.0 8.3743e-08
232.0 8.3426e-08
233.0 8.3113e-08
234.0 8.2804e-08
235.0 8.2497e-08
236.0 8.2195e-08
237.0 8.1895e-08
238.0 8.1598e-08
239.0 8.1304e-08
240.0 8.1014e-08
241.0 8.072599999999999e-08
242.0 8.0441e-08
243.0 8.015800000000001e-08
244.0 7.9879e-08
245.0 7.9602e-08
246.0 7.932800000000001e-08
247.0 7.9056e-08
248.0 7.8787e-08
249.0 7.852e-08
250.0 7.8257e-08
251.0 7.799599999999999e-08
252.0 7.7737e-08
253.0 7.7481e-08
254.0 7.7227e-08
255.0 7.6975e-08
256.0 7.672500000000001e-08
257.0 7.6478e-08
258.0 7.6232e-08
259.0 7.5989e-08
260.0 7.5747e-08
261.0 7.5507e-08
262.0 7.527e-08
263.0 7.5034e-08
264.0 7.480000000000001e-08
265.0 7.456800000000001e-08
266.0 7.4338e-08
267.0 7.410999999999999e-08
268.0 7.3884e-08
269.0 7.366e-08
270.0 7.3437e-08
271.0 7.3216e-08
272.0 7.2997e-08
273.0 7.277899999999999e-08
274.0 7.2563e-08
275.0 7.2348e-08
276.0 7.2135e-08
277.0 7.1923e-08
278.0 7.1713e-08
279.0 7.1504e-08
280.0 7.1296e-08
281.0 7.109e-08
282.0 7.0885e-08
283.0 7.0683e-08
284.0 7.0481e-08
285.0 7.0281e-08
286.0 7.0083e-08
287.0 6.988500000000001e-08
288.0 6.9689e-08
289.0 6.9494e-08
290.0 6.9301e-08
291.0 6.9108e-08
292.0 6.891700000000001e-08
293.0 6.8726e-08
294.0 6.8537e-08
295.0 6.8349e-08
296.0 6.8162e-08
297.0 6.7976e-08
298.0 6.7792e-08
299.0 6.760900000000001e-08
300.0 6.7427e-08
301.0 6.724599999999999e-08
302.0 6.7066e-08
303.0 6.6887e-08
304.0 6.671e-08
305.0 6.6533e-08
306.0 6.6357e-08
307.0 6.6182e-08
308.0 6.600799999999999e-08
309.0 6.5835e-08
310.0 6.5663e-08
311.0 6.5492e-08
312.0 6.532099999999999e-08
313.0 6.5152e-08
314.0 6.498300000000001e-08
315.0 6.4816e-08
316.0 6.465e-08
317.0 6.4485e-08
318.0 6.432000000000001e-08
319.0 6.4157e-08
320.0 6.3994e-08
321.0 6.3832e-08
322.0 6.3671e-08
323.0 6.351e-08
324.0 6.3351e-08
325.0 6.3192e-08
326.0 6.3034e-08
327.0 6.2876e-08
328.0 6.2719e-08
329.0 6.2563e-08
330.0 6.2408e-08
331.0 6.2255e-08
332.0 6.210200000000001e-08
333.0 6.1949e-08
334.0 6.1798e-08
335.0 6.1647e-08
336.0 6.1497e-08
337.0 6.1347e-08
338.0 6.1198e-08
339.0 6.105000000000001e-08
340.0 6.0903e-08
341.0 6.075599999999999e-08
342.0 6.061e-08
343.0 6.0464e-08
344.0 6.0319e-08
345.0 6.0175e-08
346.0 6.0031e-08
347.0 5.9889e-08
348.0 5.9747e-08
349.0 5.9606e-08
350.0 5.9465000000000003e-08
351.0 5.9325000000000003e-08
352.0 5.9186e-08
353.0 5.9047e-08
354.0 5.8909e-08
355.0 5.8772000000000005e-08
356.0 5.8635e-08
357.0 5.8498e-08
358.0 5.8362e-08
359.0 5.8227e-08
360.0 5.8091999999999995e-08
361.0 5.7957e-08
362.0 5.7824e-08
363.0 5.7691e-08
364.0 5.755899999999999e-08
365.0 5.7427999999999996e-08
366.0 5.7297e-08
367.0 5.7167000000000005e-08
368.0 5.7037e-08
369.0 5.6906999999999995e-08
370.0 5.677800000000001e-08
371.0 5.665e-08
372.0 5.6521999999999995e-08
373.0 5.6394999999999996e-08
374.0 5.6268000000000005e-08
375.0 5.6141e-08
376.0 5.6014999999999996e-08
377.0 5.5890000000000006e-08
378.0 5.5765000000000003e-08
379.0 5.5640999999999995e-08
380.0 5.5518e-08
381.0 5.5395e-08
382.0 5.5273e-08
383.0 5.5151e-08
384.0 5.5029e-08
385.0 5.4908000000000004e-08
386.0 5.4787999999999994e-08
387.0 5.4668000000000004e-08
388.0 5.454799999999999e-08
389.0 5.4429e-08
390.0 5.431e-08
391.0 5.4191000000000005e-08
392.0 5.4073000000000004e-08
393.0 5.3956e-08
394.0 5.3838e-08
395.0 5.3722e-08
396.0 5.3607e-08
397.0 5.3492e-08
398.0 5.3377e-08
399.0 5.3263e-08
400.0 5.3148999999999995e-08
401.0 5.3035e-08
402.0 5.2922e-08
403.0 5.2809e-08
404.0 5.2697000000000005e-08
405.0 5.2585e-08
406.0 5.2473e-08
407.0 5.2362e-08
408.0 5.2251e-08
409.0 5.214e-08
410.0 5.2030000000000003e-08
411.0 5.1921e-08
412.0 5.1813e-08
413.0 5.1704e-08
414.0 5.1596e-08
415.0 5.1489000000000005e-08
416.0 5.1382e-08
417.0 5.1275e-08
418.0 5.1168e-08
419.0 5.1062000000000004e-08
420.0 5.0956e-08
421.0 5.0850999999999997e-08
422.0 5.0746e-08
423.0 5.0640999999999997e-08
424.0 5.0537e-08
425.0 5.0432e-08
426.0 5.0329e-08
427.0 5.0225999999999996e-08
428.0 5.0123e-08
429.0 5.0021e-08
430.0 4.992e-08
431.0 4.9817999999999997e-08
432.0 4.9717e-08
433.0 4.961700000000001e-08
434.0 4.9516e-08
435.0 4.9416000000000004e-08
436.0 4.9316e-08
437.0 4.9217e-08
438.0 4.9118000000000003e-08
439.0 4.9019000000000004e-08
440.0 4.8920000000000004e-08
441.0 4.8822e-08
442.0 4.8724e-08
443.0 4.8627e-08
444.0 4.853e-08
445.0 4.8434e-08
446.0 4.8338e-08
447.0 4.8242e-08
448.0 4.8147e-08
449.0 4.8052e-08
450.0 4.7957000000000004e-08
451.0 4.7862e-08
452.0 4.7767999999999995e-08
453.0 4.7674e-08
454.0 4.758e-08
455.0 4.748700000000001e-08
456.0 4.7394e-08
457.0 4.7301e-08
458.0 4.7207999999999995e-08
459.0 4.7115999999999997e-08
460.0 4.7024e-08
461.0 4.6933e-08
462.0 4.6842e-08
463.0 4.6752e-08
464.0 4.6661000000000003e-08
465.0 4.6571e-08
466.0 4.6482e-08
467.0 4.6391999999999996e-08
468.0 4.6303e-08
469.0 4.6214000000000006e-08
470.0 4.6125e-08
471.0 4.6037e-08
472.0 4.5948e-08
473.0 4.586e-08
474.0 4.5773e-08
475.0 4.5685e-08
476.0 4.5598e-08
477.0 4.5512e-08
478.0 4.5426e-08
479.0 4.534e-08
480.0 4.5254e-08
481.0 4.5169e-08
482.0 4.5084e-08
483.0 4.4999000000000005e-08
484.0 4.4913999999999994e-08
485.0 4.483e-08
486.0 4.4745999999999996e-08
487.0 4.4662e-08
488.0 4.4578e-08
489.0 4.4494999999999996e-08
490.0 4.4412e-08
491.0 4.4329e-08
492.0 4.4246e-08
493.0 4.4164000000000004e-08
494.0 4.4082e-08
495.0 4.4000000000000004e-08
496.0 4.3919e-08
497.0 4.3838e-08
498.0 4.3758e-08
499.0 4.3677e-08
500.0 4.3597e-08
