0.0 -78.94777330518
1.0 -79.182997890189
2.0 -79.382532169933
3.0 -79.551479851282
4.0 -79.694184976573
5.0 -79.81447795721401
6.0 -79.915707073733
7.0 -80.000776121013
8.0 -80.072186373315
9.0 -80.132079925556
10.0 -80.182282533709
11.0 -80.22434430319801
12.0 -80.259577007228
13.0 -80.289087739006
14.0 -80.313808761518
15.0 -80.334523650072
16.0 -80.351890026338
17.0 -80.366459054513
18.0 -80.37869234096699
19.0 -80.388975904395
20.0 -80.39763242704001
21.0 -80.404931475904
22.0 -80.411098134767
23.0 -80.416320280362
24.0 -80.420754657359
25.0 -80.424531987835
26.0 -80.427761325416
27.0 -80.430533579668
28.0 -80.43292453493
29.0 -80.434997360614
30.0 -80.436804704182
31.0 -80.438390440254
32.0 -80.439791130296
33.0 -80.441037246146
34.0 -80.442154172385
35.0 -80.443163060622
36.0 -80.444081534518
37.0 -80.44492427935701
38.0 -80.445703533589
39.0 -80.446429492036
40.0 -80.447110649538
41.0 -80.447754084791
42.0 -80.448365699249
43.0 -80.448950410962
44.0 -80.449512316985
45.0 -80.450054829422
46.0 -80.45058077468
47.0 -80.451092556542
48.0 -80.451592154669
49.0 -80.452081219382
50.0 -80.452561127733
51.0 -80.453033029699
52.0 -80.45349788773301
53.0 -80.453956502873
54.0 -80.45440954415301
55.0 -80.454857570982
56.0 -80.45530105273599
57.0 -80.455740384108
58.0 -80.456175918698
59.0 -80.456608028042
60.0 -80.457036933415
61.0 -80.457462812383
62.0 -80.457885815794
63.0 -80.458306068729
64.0 -80.458723677295
65.0 -80.459138731865
66.0 -80.45955131151
67.0 -80.459961484754
68.0 -80.46036931008601
69.0 -80.460774832942
70.0 -80.46117809697199
71.0 -80.461579141531
72.0 -80.461978002198
73.0 -80.462374707924
74.0 -80.46276928456601
75.0 -80.46316175552201
76.0 -80.46355214326
77.0 -80.46394047023401
78.0 -80.464326754054
79.0 -80.464711011061
80.0 -80.46509325667401
81.0 -80.465473506081
82.0 -80.465851776399
83.0 -80.46622808088999
84.0 -80.46660243187999
85.0 -80.466974841313
86.0 -80.467345320939
87.0 -80.467713885168
88.0 -80.46808054606
89.0 -80.468445314018
90.0 -80.4688081994
91.0 -80.469169212537
92.0 -80.469528365224
93.0 -80.469885670161
94.0 -80.47024113857799
95.0 -80.470594777081
96.0 -80.470946595661
97.0 -80.471296604478
98.0 -80.471644816369
99.0 -80.471991241244
100.0 -79.87340730354299
101.0 -3.9654118931739997
102.0 25.658121577804998
103.0 -2.801881387935
104.0 -21.073027926023
105.0 -32.623643542418996
106.0 -39.880762030975
107.0 -44.661524111564
108.0 -48.197918219156996
109.0 -51.104250870743996
110.0 -53.633291985436
111.0 -55.882446905467994
112.0 -57.894903491266
113.0 -59.697440960646
114.0 -61.31138731418199
115.0 -62.75506312852
116.0 -64.044365417165
117.0 -65.193184179539
118.0 -66.213864542984
119.0 -67.11761882146901
120.0 -67.91484613241201
121.0 -68.615334430388
122.0 -69.228361456916
123.0 -69.762724252913
124.0 -70.226724990392
125.0 -70.628139966479
126.0 -71.117041104593
127.0 -71.766767728077
128.0 -72.49891199593
129.0 -73.2589069058
130.0 -74.008977971383
131.0 -74.723739654048
132.0 -75.387177640494
133.0 -75.990387302789
134.0 -76.529767136926
135.0 -77.005533854554
136.0 -77.42050669155
137.0 -77.779136726526
138.0 -78.086760242938
139.0 -78.34905064483401
140.0 -78.571637666768
141.0 -78.75986088656299
142.0 -78.91862522030699
143.0 -79.052331423931
144.0 -79.164856891261
145.0 -79.25957054979901
146.0 -79.339367504861
147.0 -79.406713439417
148.0 -79.463693654846
149.0 -79.51206180952599
150.0 -79.553285914276
151.0 -79.588590354221
152.0 -79.61899345137
153.0 -79.645339804731
154.0 -79.668328720061
155.0 -79.688538365655
156.0 -79.70644622547401
157.0 -79.72244628234901
158.0 -79.736863412106
159.0 -79.749965355792
160.0 -79.76197271982001
161.0 -79.773067260067
162.0 -79.78339864096
163.0 -79.793090174551
164.0 -79.80224342057801
165.0 -79.81094204770001
166.0 -79.819254922653
167.0 -79.827238824472
168.0 -79.83494051762399
169.0 -79.842398659613
170.0 -79.84964495738
171.0 -79.856705415716
172.0 -79.863601466223
173.0 -79.87035070834699
174.0 -79.87696760022
175.0 -79.883463982703
176.0 -79.889849550952
177.0 -79.896132255478
178.0 -79.902318570354
179.0 -79.908413774786
180.0 -79.914422176326
181.0 -79.920347261429
182.0 -79.926191821029
183.0 -79.931958172585
184.0 -79.937648172593
185.0 -79.943263335762
186.0 -79.948804903883
187.0 -79.954273861712
188.0 -79.959671061119
189.0 -79.964997222084
190.0 -79.97025295479
191.0 -79.97543881213801
192.0 -79.980555286209
193.0 -79.985602856299
194.0 -79.990581973624
195.0 -79.995493062308
196.0 -80.000336621481
197.0 -80.005113281367
198.0 -80.009823537031
199.0 -80.01446788498299
200.0 -80.019046842148
201.0 -80.023560924574
202.0 -80.028010730728
203.0 -80.032396881045
204.0 -80.036720019908
205.0 -80.04098082129501
206.0 -80.045179989197
207.0 -80.049318250638
208.0 -80.053396364913
209.0 -80.057415110972
210.0 -80.061375271765
211.0 -80.06527764827099
212.0 -80.069123087564
213.0 -80.072912437581
214.0 -80.07664655021
215.0 -80.080326291938
216.0 -80.083952539687
217.0 -80.087526171812
218.0 -80.091048075776
219.0 -80.094519141277
220.0 -80.09794025689999
221.0 -80.10131229851
222.0 -80.104636138013
223.0 -80.107912675836
224.0 -80.111142791577
225.0 -80.114327355121
226.0 -80.117467230625
227.0 -80.12056327702899
228.0 -80.123616350921
229.0 -80.126627290695
230.0 -80.129597029571
231.0 -80.13252642177301
232.0 -80.135416268355
233.0 -80.138267347381
234.0 -80.141080422244
235.0 -80.143856246154
236.0 -80.146595563974
237.0 -80.149299108349
238.0 -80.151967608046
239.0 -80.154601770218
240.0 -80.15720229497799
241.0 -80.159769871833
242.0 -80.162305177654
243.0 -80.164808874023
244.0 -80.167281610674
245.0 -80.16972402009499
246.0 -80.172136699608
247.0 -80.174520276702
248.0 -80.176875350927
249.0 -80.179202506016
250.0 -80.18150231285
251.0 -80.183775326511
252.0 -80.186022092597
253.0 -80.188243142753
254.0 -80.190438998588
255.0 -80.19261017022299
256.0 -80.19475715142201
257.0 -80.196880427846
258.0 -80.198980470188
259.0 -80.20105772457799
260.0 -80.203112639768
261.0 -80.20514566671
262.0 -80.207157235521
263.0 -80.20914776336001
264.0 -80.211117657877
265.0 -80.213067315386
266.0 -80.214997122289
267.0 -80.216907456107
268.0 -80.218798710939
269.0 -80.220671372718
270.0 -80.222525785294
271.0 -80.22436226401399
272.0 -80.22618112021401
273.0 -80.22798266236201
274.0 -80.22976717434
275.0 -80.231534947399
276.0 -80.233286277692
277.0 -80.23502145593099
278.0 -80.23674076285499
279.0 -80.238444476228
280.0 -80.240132863523
281.0 -80.241806161194
282.0 -80.243464654649
283.0 -80.24510859397
284.0 -80.24673822144399
285.0 -80.248353780719
286.0 -80.249955504987
287.0 -80.251543622687
288.0 -80.253118353042
289.0 -80.254679913936
290.0 -80.25622851674
291.0 -80.257764369308
292.0 -80.259287672979
293.0 -80.26079862559101
294.0 -80.262297421006
295.0 -80.263784245836
296.0 -80.265259282249
297.0 -80.26672270934
298.0 -80.268174701683
299.0 -80.269615428023
300.0 -80.27104503395701
301.0 -80.272463696406
302.0 -80.273871579905
303.0 -80.275268839644
304.0 -80.276655628445
305.0 -80.27803209279
306.0 -80.279398375632
307.0 -80.280754623077
308.0 -80.282100969162
309.0 -80.283437547863
310.0 -80.284764493916
311.0 -80.286082030048
312.0 -80.287390334198
313.0 -80.288689506592
314.0 -80.289979646515
315.0 -80.291260855309
316.0 -80.292533230456
317.0 -80.29379687461001
318.0 -80.295051886997
319.0 -80.296298367355
320.0 -80.29753641633701
321.0 -80.298766130542
322.0 -80.299987605387
323.0 -80.30120094075599
324.0 -80.302406227882
325.0 -80.303603559647
326.0 -80.304793027723
327.0 -80.305974721947
328.0 -80.307148728427
329.0 -80.308315132819
330.0 -80.30947402206
331.0 -80.310625462449
332.0 -80.311769537415
333.0 -80.312906341482
334.0 -80.314035953169
335.0 -80.315158448345
336.0 -80.31627390251799
337.0 -80.317382391865
338.0 -80.318483988409
339.0 -80.31957876247401
340.0 -80.320666787785
341.0 -80.321748130642
342.0 -80.322822857885
343.0 -80.323891036007
344.0 -80.324952732512
345.0 -80.326008010715
346.0 -80.327056932451
347.0 -80.328099560937
348.0 -80.329135957724
349.0 -80.33016618189299
350.0 -80.331190291224
351.0 -80.332208343212
352.0 -80.333220394847
353.0 -80.334226500689
354.0 -80.335226715646
355.0 -80.336221095534
356.0 -80.337209732921
357.0 -80.338192780945
358.0 -80.33917027422
359.0 -80.340142243689
360.0 -80.341108721958
361.0 -80.342069740284
362.0 -80.343025336726
363.0 -80.34397554806
364.0 -80.34492041083101
365.0 -80.345859963004
366.0 -80.34679424578499
367.0 -80.347723297758
368.0 -80.34864715704701
369.0 -80.349565862777
370.0 -80.350479441661
371.0 -80.351387934823
372.0 -80.352291393581
373.0 -80.35318985669
374.0 -80.354083364511
375.0 -80.354971953869
376.0 -80.355855661298
377.0 -80.356734524093
378.0 -80.357608580909
379.0 -80.358477867418
380.0 -80.359342418498
381.0 -80.36020227107001
382.0 -80.36105746153301
383.0 -80.361908021948
384.0 -80.362753986174
385.0 -80.36359538866
386.0 -80.364432264971
387.0 -80.365264647189
388.0 -80.36609256691301
389.0 -80.36691605647
390.0 -80.367735150143
391.0 -80.368549878412
392.0 -80.369360270974
393.0 -80.370166359395
394.0 -80.370968177387
395.0 -80.371765752868
396.0 -80.372559114599
397.0 -80.373348290953
398.0 -80.37413331297401
399.0 -80.374914208864
400.0 -80.375691005378
401.0 -80.376463729339
402.0 -80.377232409901
403.0 -80.377997075037
404.0 -80.37875781398401
405.0 -80.379514726593
406.0 -80.380267806622
407.0 -80.381017056277
408.0 -80.381762502307
409.0 -80.38250415546699
410.0 -80.383242028816
411.0 -80.38397614002
412.0 -80.38470650530401
413.0 -80.38543314122501
414.0 -80.386156065102
415.0 -80.386875297196
416.0 -80.387590858968
417.0 -80.388302769266
418.0 -80.389011047355
419.0 -80.389715713589
420.0 -80.39041679277099
421.0 -80.391114302588
422.0 -80.391808262908
423.0 -80.392498694124
424.0 -80.393185618296
425.0 -80.393869057821
426.0 -80.394549032233
427.0 -80.395225561138
428.0 -80.395898664401
429.0 -80.396568364788
430.0 -80.39723468249
431.0 -80.397897636521
432.0 -80.39855724607
433.0 -80.399213530791
434.0 -80.399866512795
435.0 -80.400516212564
436.0 -80.40116264505801
437.0 -80.401805829254
438.0 -80.402445785289
439.0 -80.403082534002
440.0 -80.403716093021
441.0 -80.404346479914
442.0 -80.404973712295
443.0 -80.40559781002901
444.0 -80.406218792338
445.0 -80.406836675975
446.0 -80.407451477636
447.0 -80.408063214124
448.0 -80.408671905081
449.0 -80.40927756849
450.0 -80.409880220447
451.0 -80.41047987942001
452.0 -80.411076559258
453.0 -80.411670279296
454.0 -80.412261114014
455.0 -80.412849154915
456.0 -80.41343439602899
457.0 -80.414016834026
458.0 -80.41459647126601
459.0 -80.415173311288
460.0 -80.415747358149
461.0 -80.416318617518
462.0 -80.416887096644
463.0 -80.417452806136
464.0 -80.418015757401
465.0 -80.418575960203
466.0 -80.419133425028
467.0 -80.419688163101
468.0 -80.420240175011
469.0 -80.42078947439201
470.0 -80.4213360891
471.0 -80.421880031081
472.0 -80.422421312526
473.0 -80.422959946315
474.0 -80.42349594829601
475.0 -80.424029331247
476.0 -80.424560107452
477.0 -80.425088289474
478.0 -80.42561388986499
479.0 -80.426136923866
480.0 -80.426657405951
481.0 -80.427175348341
482.0 -80.427690763395
483.0 -80.428203663575
484.0 -80.4287140622
485.0 -80.429221975022
486.0 -80.429727414274
487.0 -80.430230393269
488.0 -80.430730922173
489.0 -80.431229012816
490.0 -80.431724680168
491.0 -80.432217938276
492.0 -80.432708798662
493.0 -80.433197272959
494.0 -80.433683372844
495.0 -80.434167110321
496.0 -80.434648500363
497.0 -80.43512755508999
498.0 -80.435604285618
499.0 -80.43607870315
500.0 -80.436550818949
